td_0_string=samaps:hp
td_0_data=508.000000 370.000000 4 1 1 0 0.600000 2.000000 -1 255 50 1 19.500000 20.500000 0 1 1 0 1 1 -10.000000 0.000000 -20.000000 1.000000 255 255 50 
td_0_bar_data=100.000000 0 
td_1_string=samaps:armour
td_1_data=508.000000 396.000000 4 1 1 0 0.600000 2.000000 -1 255 50 1 19.500000 20.500000 0 1 1 0 1 1 -10.000000 0.000000 -20.000000 1.000000 255 255 50 
td_1_bar_data=100.000000 0 
td_2_string=samaps:hunger
td_2_data=509.000000 420.000000 4 1 1 0 0.600000 2.000000 -1 255 50 1 19.500000 20.500000 0 1 1 0 1 1 -10.000000 0.000000 -20.000000 1.000000 255 255 50 
td_2_bar_data=100.000000 0 
